42 0
42 7
42 14
42 21
42 28
42 35
42 42
43 0
43 1
43 7
43 8
43 14
43 15
43 21
43 22
43 28
43 29
43 35
43 36
43 42
43 43
44 0
44 1
44 2
44 7
44 8
44 9
44 14
44 15
44 16
44 21
44 22
44 23
44 28
44 29
44 30
44 35
44 36
44 37
44 42
44 43
44 44
45 0
45 1
45 2
45 3
45 7
45 8
45 9
45 10
45 14
45 15
45 16
45 17
45 21
45 22
45 23
45 24
45 28
45 29
45 30
45 31
45 35
45 36
45 37
45 38
45 42
45 43
45 44
45 45
46 0
46 1
46 2
46 3
46 4
46 7
46 8
46 9
46 10
46 11
46 14
46 15
46 16
46 17
46 18
46 21
46 22
46 23
46 24
46 25
46 28
46 29
46 30
46 31
46 32
46 35
46 36
46 37
46 38
46 39
46 42
46 43
46 44
46 45
46 46
47 0
47 1
47 2
47 3
47 4
47 5
47 7
47 8
47 9
47 10
47 11
47 12
47 14
47 15
47 16
47 17
47 18
47 19
47 21
47 22
47 23
47 24
47 25
47 26
47 28
47 29
47 30
47 31
47 32
47 33
47 35
47 36
47 37
47 38
47 39
47 40
47 42
47 43
47 44
47 45
47 46
47 47
48 0
48 1
48 2
48 3
48 4
48 5
48 6
48 7
48 8
48 9
48 10
48 11
48 12
48 13
48 14
48 15
48 16
48 17
48 18
48 19
48 20
48 21
48 22
48 23
48 24
48 25
48 26
48 27
48 28
48 29
48 30
48 31
48 32
48 33
48 34
48 35
48 36
48 37
48 38
48 39
48 40
48 41
48 42
48 43
48 44
48 45
48 46
48 47
48 48
49 0
49 49
372 198
